-7.890589
-7.890683
-7.891193
-7.89159
-7.891668
-7.891739
-7.891682
-7.891342
-7.890973
-7.890969
-7.890931
-7.890926
-7.890846
-7.890799
-7.890803
-7.890785
-7.890695
-7.890567
-7.890553
-7.890562
-7.890623
-7.890638
-7.890808
-7.891011
-7.891318
-7.891479
-7.891781
-7.891989
-7.892518
-7.892886
-7.893424
-7.894123
-7.895034
-7.895403
-7.89596
-7.896743
-7.896715
-7.896304
-7.894008
-7.892544
-7.888359
-7.886942
-7.885431
-7.884656
-7.884392
-7.884449
-7.885166
-7.885185
-7.884959
-7.884014
-7.883466
-7.883311
-7.881072
-7.880883
-7.880704
-7.880043
-7.879967
-7.879816
-7.878371
-7.874497
-7.874723
-7.873174
-7.872796
-7.871096
-7.870718
-7.869622
-7.868829
-7.869018
-7.867939
-7.867608
-7.867193
-7.866777
-7.866607
-7.86622
-7.866239
-7.865492
-7.8635
-7.861535
-7.86146
-7.861554
-7.860231
-7.859835
-7.859041
-7.857832
-7.857322
-7.856925
-7.856339
-7.856037
-7.855848
-7.855674
-7.855419
-7.855253
-7.854644
-7.854506
-7.854463
-7.854355
-7.854005
-7.853873
-7.853811
-7.851125
-7.849991
-7.848971
-7.847421
-7.845985
-7.844852
-7.842178
-7.841913
-7.841233
-7.840288
-7.836509
-7.83581
-7.834903
-7.833996
-7.833467
-7.832673
-7.831199
-7.829537
-7.827874
-7.827345
-7.8264
-7.824964
-7.823646
-7.823344
-7.822323
-7.819791
-7.819035
-7.817146
-7.815823
-7.814122
-7.813291
-7.812649
-7.812233
-7.81091
-7.809814
-7.809082
-7.807589
-7.806984
-7.806417
-7.805775
-7.804357
-7.803866
-7.803129
-7.80175
-7.800143
-7.799709
-7.799312
-7.797876
-7.796293
-7.793383
-7.792136
-7.7907
-7.788848
-7.78726
-7.786013
-7.784577
-7.783103
-7.782612
-7.78212
-7.779928
-7.778808
-7.778393
-7.778468
-7.778695
-7.778166
-7.777901
-7.778128
-7.777485
-7.777032
-7.776087
-7.7745
-7.772307
-7.770569
-7.76558
-7.763368
-7.759286
-7.758001
-7.757737
-7.755809
-7.753919
-7.753314
-7.751991
-7.750971
-7.748552
-7.747947
-7.747418
-7.746397
-7.745249
-7.743264
-7.742263
-7.741015
-7.74058
-7.740769
-7.740429
-7.739428
-7.735034
-7.732464
-7.725811
-7.720746
-7.716436
-7.712051
-7.709405
-7.706986
-7.706627
-7.706216
-7.705368
-7.704816
-7.704126
-7.703767
-7.703351
-7.702992
-7.702633
-7.701952
-7.701763
-7.70147
-7.70114
-7.700867
-7.700507
-7.70004
-7.699756
-7.698886
-7.698564
-7.698139
-7.697931
-7.697544
-7.697033
-7.696844
-7.69658
-7.695239
-7.695002
-7.694936
-7.694747
-7.694709
-7.694029
-7.693449
-7.692972
-7.692051
-7.691155
-7.690909
-7.690054
-7.689926
-7.68969
-7.689454
-7.689156
-7.688873
-7.688457
-7.687377
-7.68694
-7.686552
-7.68555
-7.685314
-7.684246
-7.683348
-7.683405
-7.683547
-7.683575
-7.683263
-7.682923
-7.682932
-7.682622
-7.682244
-7.680826
-7.680528
-7.680159
-7.679838
-7.679032
-7.678578
-7.677973
-7.677477
-7.67734
-7.677397
-7.677581
-7.677567
-7.677477
-7.677383
-7.677179
-7.676907
-7.676732
-7.676661
-7.676732
-7.676817
-7.676751
-7.676668
-7.67664
-7.676564
-7.676386
-7.675767
-7.675597
-7.675167
-7.674926
-7.674751
-7.674519
-7.674051
-7.67356
-7.673002
-7.672813
-7.672671
-7.67251
-7.672243
-7.672102
-7.671865
-7.671558
-7.671112
-7.670914
-7.670413
-7.670233
-7.669931
-7.669421
-7.668891
-7.668343
-7.668041
-7.667918
-7.667719
-7.667965
-7.668277
-7.668475
-7.668192
-7.667559
-7.667531
-7.667758
-7.666423
-7.665667
-7.664722
-7.66442
-7.663607
-7.663342
-7.662378
-7.662378
-7.661906
-7.661565
-7.661055
-7.660545
-7.660053
-7.659165
-7.658711
-7.658068
-7.657539
-7.655424
-7.65446
-7.654573
-7.654347
-7.654158
-7.654347
-7.653666
-7.651889
-7.651322
-7.650944
-7.650717
-7.64981
-7.649205
-7.648335
-7.647749
-7.646785
-7.646029
-7.645424
-7.645062
-7.644963
-7.644845
-7.645006
-7.645199
-7.645506
-7.645993
-7.646097
-7.646144
-7.646508
-7.648338
-7.649566
-7.649928
-7.649853
-7.650042
-7.650037
-7.649782
-7.650046
-7.649678
-7.649182
-7.648544
-7.647778
-7.646991
-7.646764
-7.646518
-7.646301
-7.646291
-7.646558
-7.646634
-7.646568
-7.646123
-7.645774
-7.645792
-7.645963
-7.64636
-7.647267
-7.647806
-7.648147
-7.64776
-7.648034
-7.647722
-7.647467
-7.647287
-7.646966
-7.647221
-7.647618
-7.64775
-7.648317
-7.648346
-7.648365
-7.648733
-7.648919
-7.648758
-7.648517
-7.648479
-7.648388
-7.64808
-7.647957
-7.647972
-7.648099
-7.648128
-7.648033
-7.647891
-7.647849
-7.648482
-7.648421
-7.648529
-7.648562
-7.648392
-7.648428
-7.648281
-7.648423
-7.648532
-7.648385
-7.648333
-7.648173
-7.648106
-7.648248
-7.648173
-7.64804
-7.64788
-7.648154
-7.648026
-7.647818
-7.64769
-7.647436
-7.647219
-7.64688
-7.646733
-7.646587
-7.646147
-7.645958
-7.645968
-7.646091
-7.646384
-7.646559
-7.646507
-7.646341
-7.646294
-7.646204
-7.646209
-7.646119
-7.645821
-7.645713
-7.645713
-7.64561
-7.64561
-7.645885
-7.645729
-7.645544
-7.645469
-7.645417
-7.645237
-7.645147
-7.645095
-7.645095
-7.645015
-7.645091
-7.644793
-7.645393
-7.646334
-7.647544
-7.647865
-7.649283
-7.650644
-7.651287
-7.651324
-7.651638
-7.651803
-7.65169
-7.651482
-7.651198
-7.650632
-7.649724
-7.648203
-7.647768
-7.647418
-7.647106
-7.646993
-7.646643
-7.646322
-7.646284
-7.647948
-7.647884
-7.647719
-7.647757
-7.647898
-7.648078
-7.648224
-7.648144
-7.648073
-7.648215
-7.648376
-7.64873
-7.64873
-7.6489
-7.649009
-7.649122
-7.649231
-7.64908
-7.650085
-7.650236
-7.650151
-7.650019
-7.650033
-7.650217
-7.650345
-7.650496
-7.650638
-7.65095
-7.650799
-7.650823
-7.650596
-7.650683
-7.651023
-7.651155
-7.651472
-7.651595
-7.651921
-7.652145
-7.652306
-7.652486
-7.653166
-7.65327
-7.653544
-7.653799
-7.653714
-7.653894
-7.654319
-7.654215
-7.653979
-7.653762
-7.653374
-7.65361
-7.653167
-7.652733
-7.652761
-7.653148
-7.653016
-7.652657
-7.652317
-7.652071
-7.651324
-7.651126
-7.650568
-7.649557
-7.649311
-7.648306
-7.647842
-7.647757
-7.647956
-7.646453
-7.646555
-7.64698
-7.646744
-7.646781
-7.646384
-7.645915
-7.646198
-7.645915
-7.645281
-7.644832
-7.643849
-7.643708
-7.643651
-7.643353
-7.642819
-7.642417
-7.642337
-7.642465
-7.642035
-7.642101
-7.64333
-7.644339
-7.645511
-7.646986
-7.649689
-7.652528
-7.655931
-7.658501
-7.660997
-7.662585
-7.665836
-7.668558
-7.673369
-7.677243
-7.679776
-7.680872
-7.682536
-7.684577
-7.685888
-7.687249
-7.687892
-7.687968
-7.688856
-7.689933
-7.690652
-7.692372
-7.694073
-7.694489
-7.697653
-7.69924
-7.702756
-7.704495
-7.705629
-7.706688
-7.706574
-7.704722
-7.704457
-7.701244
-7.699127
-7.695725
-7.691217
-7.690612
-7.689251
-7.689024
-7.68789
-7.686718
-7.684223
-7.680409
-7.676629
-7.67455
-7.67213
-7.670202
-7.668647
-7.665131
-7.664678
-7.660065
-7.655869
-7.654772
-7.653827
-7.650874
-7.650345
-7.647925
-7.646186
-7.644447
-7.641876
-7.640817
-7.637187
-7.633331
-7.630609
-7.629399
-7.62713
-7.625391
-7.623576
-7.622593
-7.619559
-7.61782
-7.616912
-7.614795
-7.61177
-7.611165
-7.606098
-7.603829
-7.601183
-7.6002
-7.59967
-7.598082
-7.594981
-7.593469
-7.592386
-7.592083
-7.591648
-7.591214
-7.589796
-7.589588
-7.589191
-7.589096
-7.588132
-7.586095
-7.584904
-7.58479
-7.582843
-7.582086
-7.58137
-7.579517
-7.578875
-7.578799
-7.578005
-7.577683
-7.576814
-7.576228
-7.575396
-7.574302
-7.573262
-7.5726
-7.571484
-7.570293
-7.565207
-7.564829
-7.564224
-7.562059
-7.561605
-7.561038
-7.561076
-7.560112
-7.559393
-7.559053
-7.558353
-7.557597
-7.557256
-7.55684
-7.556614
-7.55563
-7.554401
-7.553376
-7.55209
-7.551712
-7.550861
-7.550199
-7.547535
-7.545455
-7.543584
-7.541901
-7.543413
-7.546287
-7.549382
-7.550856
-7.554978
-7.558004
-7.561223
-7.562773
-7.565685
-7.567992
-7.570147
-7.572529
-7.574382
-7.578164
-7.580621
-7.583306
-7.585892
-7.587745
-7.588576
-7.589408
-7.589862
-7.593643
-7.598597
-7.604514
-7.608863
-7.614156
-7.61737
-7.631657
-7.636337
-7.651082
-7.675278
-7.713772
-7.743257
-7.749988
-7.760912
-7.766846
-7.767512
-7.768041
-7.768797
-7.769099
-7.770229
-7.772345
-7.774651
-7.777108
-7.778771
-7.780282
-7.782375
-7.783169
-7.783018
-7.784038
-7.785172
-7.786193
-7.786873
-7.788196
-7.788309
-7.790048
-7.79069
-7.792958
-7.793895
-7.79433
-7.794746
-7.795369
-7.796012
-7.795974
-7.796957
-7.797921
-7.798374
-7.79828
-7.797958
-7.79741
-7.797032
-7.796409
-7.79605
-7.796768
-7.796465
-7.795691
-7.794708
-7.79467
-7.794273
-7.794122
-7.794141
-7.794746
-7.795842
-7.796484
-7.797335
-7.797939
-7.797845
-7.797977
-7.79758
-7.798022
-7.797512
-7.797096
-7.796888
-7.79668
-7.795792
-7.794923
-7.794266
-7.794304
-7.794323
-7.793775
-7.79351
-7.793019
-7.792414
-7.791583
-7.791375
-7.791488
-7.791829
-7.791205
-7.791523
-7.791938
-7.792515
-7.793223
-7.793875
-7.794244
-7.794886
-7.794801
-7.795245
-7.795094
-7.795369
-7.79536
-7.795426
-7.795199
-7.795105
-7.794755
-7.794169
-7.794056
-7.793536
-7.793073
-7.792884
-7.792412
-7.791807
-7.790872
-7.790711
-7.790178
-7.789923
-7.789082
-7.78878
-7.78826
-7.787941
-7.787072
-7.786959
-7.786789
-7.786808
-7.786604
-7.78625
-7.785485
-7.785125
-7.784
-7.783707
-7.783339
-7.783102
-7.78348
-7.783452
-7.783093
-7.782592
-7.782445
-7.782397
-7.78217
-7.782449
-7.78277
-7.782794
-7.783574
-7.783867
-7.78433
-7.784532
-7.784594
-7.784773
-7.785682
-7.785724
-7.785672
-7.785683
-7.786226
-7.786646
-7.787667
-7.787904
-7.787941
-7.788168
-7.78831
-7.788688
-7.788965
-7.788975
-7.789476
-7.789542
-7.7894
-7.7894
-7.789221
-7.789438
-7.790761
-7.791309
-7.791384
-7.78974
-7.789934
-7.790784
-7.790926
-7.795981
-7.796888
-7.797928
-7.79857
-7.799874
-7.800592
-7.800989
-7.801538
-7.801925
-7.802984
-7.803758
-7.805034
-7.80593
-7.80629
-7.806819
-7.807083
-7.806082
-7.805912
-7.805609
-7.805571
-7.805023
-7.804173
-7.802737
-7.803455
-7.804532
-7.805515
-7.806856
-7.808047
-7.808557
-7.808104
-7.808041
-7.807597
-7.807342
-7.807191
-7.807172
-7.807257
-7.80685
-7.806359
-7.806198
-7.806198
-7.806369
-7.806425
-7.806252
-7.806276
-7.806422
-7.806502
-7.806583
-7.806781
-7.806866
-7.80672
-7.806352
-7.806054
-7.805615
-7.80482
-7.802534
-7.800682
-7.799945
-7.799661
-7.799302
-7.799302
-7.798868
-7.798376
-7.798339
-7.798565
-7.798463
-7.798418
-7.797662
-7.797237
-7.796632
-7.796608
-7.796774
-7.798219
-7.798191
-7.79804
-7.798017
-7.798041
-7.79814
-7.798272
-7.798282
-7.798598
-7.798781
-7.799017
-7.799456
-7.799773
-7.799896
-7.800264
-7.801105
-7.801489
-7.801593
-7.801626
-7.801857
-7.801955
-7.802106
-7.802106
-7.801832
-7.80144
-7.801015
-7.80058
-7.799272
-7.79896
-7.799177
-7.799649
-7.79947
-7.799801
-7.80015
-7.80066
-7.801159
-7.801338
-7.801631
-7.801735
-7.802066
-7.802463
-7.803054
-7.803584
-7.803385
-7.803111
-7.802875
-7.802242
-7.801732
-7.800891
-7.800437
-7.801014
-7.801183
-7.801164
-7.801145
-7.80106
-7.801164
-7.80088
-7.800784
-7.80069
-7.800454
-7.800473
-7.800359
-7.799962
-7.799925
-7.799348
-7.798544
-7.798015
-7.798053
-7.79605
-7.795313
-7.796182
-7.796881
-7.797356
-7.798136
-7.799666
-7.800365
-7.800365
-7.801915
-7.804164
-7.804693
-7.804655
-7.804768
-7.803068
-7.802142
-7.801197
-7.800592
-7.797819
-7.79627
-7.795325
-7.793586
-7.79249
-7.791961
-7.790298
-7.7889
-7.787161
-7.78633
-7.786292
-7.787841
-7.790034
-7.791319
-7.793775
-7.793737
-7.796723
-7.79884
-7.800956
-7.803073
-7.803994
-7.803239
-7.80475
-7.806564
-7.805128
-7.806942
-7.807396
-7.808756
-7.807698
-7.807774
-7.806111
-7.80596
-7.803919
-7.800669
-7.797872
-7.794168
-7.791825
-7.792051
-7.7919
-7.793185
-7.794773
-7.796889
-7.798023
-7.800215
-7.800669
-7.803314
-7.804221
-7.806942
-7.808983
-7.812914
-7.818205
-7.818993
-7.818539
-7.819106
-7.8199
-7.821374
-7.823377
-7.824133
-7.825129
-7.827813
-7.826754
-7.825545
-7.824411
-7.823845
-7.821199
-7.819007
-7.818062
-7.816135
-7.814585
-7.813754
-7.813761
-7.813383
-7.812079
-7.809887
-7.809774
-7.809849
-7.808848
-7.808016
-7.808489
-7.808715
-7.809944
-7.8107
-7.810907
-7.812362
-7.813024
-7.813534
-7.814347
-7.815307
-7.815307
-7.813927
-7.815222
-7.815805
-7.816315
-7.816731
-7.816703
-7.817175
-7.817978
-7.818961
-7.820377
-7.822116
-7.828654
-7.829863
-7.831715
-7.833302
-7.836968
-7.838933
-7.840633
-7.842447
-7.844252
-7.847176
-7.848536
-7.849443
-7.850048
-7.850917
-7.851559
-7.851219
-7.853071
-7.854885
-7.856373
-7.857657
-7.857355
-7.857846
-7.859963
-7.861928
-7.86325
-7.864346
-7.865328
-7.866387
-7.86718
-7.868389
-7.870283
-7.871228
-7.872664
-7.875347
-7.876518
-7.878521
-7.87917
-7.880625
-7.882174
-7.883213
-7.884215
-7.885537
-7.88686
-7.88737
-7.888624
-7.889077
-7.891156
-7.891911
-7.893007
-7.894103
-7.895388
-7.895539
-7.896105
-7.897081
-7.897988
-7.899027
-7.902068
-7.90883
-7.915907
-7.927241
-7.932833
-7.938274
-7.944168
-7.948097
-7.9552
-7.965929
-7.973031
-7.980738
-7.991013
-7.996153
-8.007335
-8.02184
-8.037856
-8.049036
-8.060821
-8.075022
-8.080838
-8.09655
-8.125251
-8.138922
-8.154631
-8.161881
-8.156141
-8.14738
-8.142849
-8.152516
-8.161579
-8.17336
-8.184839
-8.191182
-8.198431
-8.333064
-8.004402
-7.890589
