110.013992
110.014774
110.01693
110.019181
110.01962
110.020436
110.020646
110.020703
110.020708
110.020803
110.02097
110.021199
110.021428
110.021604
110.021943
110.022701
110.023474
110.02382
110.024006
110.024306
110.024759
110.024917
110.025532
110.026276
110.027294
110.027752
110.028372
110.028696
110.029192
110.029335
110.029414
110.029452
110.029435
110.029526
110.029669
110.030195
110.030953
110.031564
110.032122
110.032285
110.03262
110.033231
110.03449
110.035482
110.036436
110.037122
110.039965
110.041319
110.042406
110.042521
110.042063
110.041978
110.041949
110.042044
110.04192
110.042369
110.042569
110.042531
110.042664
110.043041
110.044262
110.044872
110.044338
110.044109
110.044681
110.045025
110.044719
110.043804
110.043215
110.042843
110.043139
110.042938
110.042767
110.042843
110.042461
110.042824
110.042334
110.043192
110.04407
110.044661
110.04489
110.043574
110.044013
110.045482
110.04552
110.046321
110.046607
110.046493
110.04676
110.046903
110.046879
110.04707
110.047227
110.047205
110.047659
110.047916
110.047992
110.048278
110.048665
110.050882
110.051035
110.050653
110.050348
110.050233
110.05092
110.055632
110.057234
110.059409
110.059256
110.058646
110.058603
110.058774
110.05866
110.058679
110.059003
110.059404
110.059137
110.058793
110.058546
110.058736
110.059061
110.058897
110.059851
110.060652
110.060996
110.062331
110.062179
110.061873
110.062293
110.064773
110.069199
110.072213
110.074197
110.076333
110.077404
110.07851
110.079102
110.080723
110.080933
110.08059
110.080895
110.081658
110.081944
110.082955
110.083546
110.084672
110.086904
110.087361
110.08923
110.089039
110.089802
110.090298
110.09171
110.092053
110.094762
110.095334
110.096593
110.098081
110.10079
110.101406
110.103466
110.105336
110.106366
110.108006
110.109151
110.110296
110.111173
110.112585
110.11289
110.112241
110.112966
110.114607
110.113615
110.114887
110.118359
110.119656
110.120266
110.121869
110.122517
110.123585
110.124234
110.125035
110.125913
110.127324
110.129385
110.13011
110.130212
110.129907
110.13025
110.130403
110.13046
110.13191
110.132406
110.131891
110.132465
110.131244
110.131702
110.134677
110.132693
110.133609
110.133685
110.134372
110.133799
110.134762
110.134776
110.134159
110.133988
110.132557
110.131985
110.131965
110.131813
110.131269
110.130945
110.130935
110.131174
110.131268
110.131278
110.13154
110.131831
110.132427
110.132809
110.132837
110.133228
110.133524
110.133886
110.134173
110.134211
110.135326
110.135631
110.135946
110.136814
110.1373
110.137768
110.137943
110.137877
110.137495
110.137071
110.137071
110.13637
110.136289
110.136301
110.136401
110.136334
110.136458
110.136282
110.135398
110.134609
110.134142
110.132883
110.132654
110.132062
110.130803
110.130317
110.130021
110.129649
110.129048
110.128772
110.127608
110.127
110.126704
110.126347
110.126205
110.126181
110.126238
110.126794
110.126865
110.126851
110.126865
110.126679
110.126427
110.126169
110.125869
110.125635
110.125587
110.125602
110.125545
110.125292
110.125039
110.124772
110.124557
110.124448
110.124051
110.123684
110.123337
110.123158
110.122777
110.122543
110.121932
110.121618
110.121479
110.12146
110.121459
110.121178
110.121202
110.121125
110.120854
110.120396
110.120199
110.120132
110.120094
110.119713
110.119395
110.119071
110.118651
110.118174
110.117974
110.117945
110.11805
110.117926
110.118289
110.118899
110.119118
110.119567
110.120135
110.120555
110.120984
110.121299
110.121544
110.122049
110.122208
110.122189
110.122265
110.122685
110.122914
110.12381
110.124325
110.125107
110.12568
110.126157
110.126653
110.127549
110.127931
110.127931
110.128732
110.130086
110.130411
110.130628
110.130915
110.131601
110.133223
110.13452
110.136428
110.136733
110.137191
110.137267
110.137839
110.13845
110.139194
110.139842
110.140605
110.140529
110.14091
110.141292
110.14133
110.141611
110.141854
110.142388
110.143237
110.143542
110.14369
110.143752
110.143814
110.143947
110.144038
110.144218
110.144428
110.144798
110.145079
110.145408
110.145532
110.145899
110.146224
110.146801
110.147254
110.14765
110.14797
110.148793
110.149175
110.149842
110.151483
110.152351
110.154005
110.154911
110.155731
110.157295
110.15864
110.159842
110.160424
110.160767
110.161206
110.161435
110.161602
110.161974
110.162489
110.162508
110.162461
110.162308
110.162766
110.163176
110.1635
110.163805
110.164244
110.16453
110.164921
110.165332
110.165624
110.165819
110.166058
110.166411
110.1669
110.167167
110.167477
110.16793
110.168464
110.168746
110.168927
110.169089
110.169246
110.169747
110.170062
110.170625
110.17176
110.17362
110.173766
110.174061
110.17481
110.174867
110.175192
110.175478
110.175564
110.175726
110.176131
110.176265
110.176269
110.177195
110.177343
110.177653
110.179184
110.179256
110.180661
110.182349
110.183872
110.184754
110.185026
110.185608
110.185822
110.186585
110.186776
110.186819
110.18721
110.187415
110.187506
110.187725
110.187873
110.188269
110.188345
110.188403
110.188617
110.189089
110.189349
110.189578
110.189997
110.190083
110.19015
110.19026
110.190527
110.190698
110.190889
110.191046
110.191514
110.191786
110.192158
110.192449
110.193412
110.194307
110.195814
110.195566
110.198065
110.201117
110.20314
110.204532
110.205077
110.205296
110.205449
110.205616
110.206779
110.208096
110.209727
110.212007
110.212436
110.212522
110.212789
110.213266
110.213323
110.213552
110.213704
110.212999
110.21348
110.213985
110.214166
110.2144
110.214705
110.215063
110.215616
110.215826
110.216055
110.216923
110.217309
110.217609
110.218
110.218143
110.21841
110.218467
110.219607
110.221086
110.226409
110.227614
110.227963
110.228196
110.22842
110.229002
110.22966
110.230192
110.23076
110.231475
110.231871
110.232825
110.233318
110.233852
110.23409
110.234433
110.234801
110.235034
110.23601
110.236449
110.237078
110.237717
110.238366
110.238824
110.238996
110.239339
110.239778
110.240388
110.240703
110.24076
110.240646
110.241056
110.241418
110.242279
110.242317
110.242479
110.24268
110.242985
110.243099
110.2435
110.243881
110.244501
110.245055
110.245055
110.245465
110.245894
110.246561
110.246456
110.246609
110.246924
110.247296
110.247601
110.247811
110.248202
110.248517
110.248784
110.249392
110.250031
110.250332
110.250171
110.250119
110.251306
110.251273
110.25082
110.250615
110.25133
110.251783
110.252231
110.253366
110.254234
110.254825
110.257324
110.260064
110.26283
110.264375
110.266149
110.263954
110.26487
110.262886
110.262886
110.26693
110.267006
110.265251
110.266072
110.263961
110.263007
110.263999
110.263847
110.261405
110.260765
110.261127
110.262157
110.262939
110.263893
110.264637
110.265648
110.265896
110.265953
110.266507
110.26874
110.26832
110.270753
110.270943
110.270371
110.271516
110.272546
110.272698
110.274034
110.273614
110.276399
110.277887
110.280809
110.28203
110.282183
110.283327
110.283899
110.284815
110.285578
110.286616
110.289439
110.289935
110.291271
110.293254
110.295098
110.298227
110.299906
110.300859
110.303187
110.304484
110.307269
110.310683
110.313964
110.316788
110.320298
110.323655
110.324952
110.327318
110.332354
110.335024
110.338
110.339755
110.344181
110.34586
110.351354
110.354558
110.358235
110.360295
110.363347
110.365102
110.367391
110.369528
110.376853
110.377235
110.379524
110.383034
110.385323
110.38517
110.390741
110.389901
110.389933
110.391402
110.391917
110.393233
110.394569
110.395313
110.395542
110.3964
110.396858
110.398587
110.398797
110.400056
110.400667
110.400762
110.401558
110.40131
110.402111
110.402569
110.403103
110.404076
110.403943
110.404172
110.405774
110.406274
110.406636
110.407533
110.408868
110.409307
110.413179
110.414209
110.414076
110.41556
110.415694
110.416285
110.41722
110.418364
110.418765
110.419452
110.4197
110.42052
110.422771
110.423286
110.424774
110.425136
110.427292
110.427548
110.428692
110.429799
110.430829
110.431783
110.438384
110.442161
110.444965
110.446091
110.446911
110.448666
110.45021
110.452843
110.455475
110.456314
110.457242
110.457166
110.457624
110.458997
110.459684
110.459303
110.460066
110.459951
110.460638
110.459455
110.460448
110.460486
110.461173
110.461173
110.4606
110.461287
110.46205
110.463141
110.464973
110.467338
110.468483
110.468408
110.468433
110.471485
110.476903
110.485585
110.4923
110.491622
110.491661
110.491813
110.494359
110.495541
110.501188
110.506949
110.509109
110.511017
110.510941
110.511058
110.512164
110.514339
110.517558
110.520724
110.52225
110.5237
110.524349
110.5237
110.524616
110.52515
110.526562
110.528164
110.529499
110.530186
110.530431
110.530126
110.52963
110.529954
110.530488
110.531003
110.530469
110.53045
110.531118
110.531671
110.532186
110.532606
110.533426
110.533254
110.533597
110.53478
110.535066
110.534647
110.534723
110.535047
110.5352
110.536249
110.536936
110.537489
110.536516
110.536612
110.536096
110.536478
110.537413
110.537832
110.538615
110.539295
110.539982
110.540611
110.540096
110.539581
110.539619
110.540115
110.541155
110.541994
110.543387
110.543997
110.543578
110.543788
110.545504
110.545829
110.546802
110.547355
110.547546
110.548518
110.54921
110.549944
110.550593
110.550536
110.550507
110.550936
110.551337
110.551776
110.552167
110.553054
110.553983
110.55446
110.554613
110.554756
110.5555
110.555786
110.555834
110.555509
110.555462
110.555185
110.553802
110.553306
110.553382
110.554155
110.55446
110.554366
110.554165
110.553813
110.553669
110.553574
110.553474
110.55347
110.553818
110.554795
110.55543
110.555473
110.555563
110.555506
110.555516
110.555812
110.556851
110.557376
110.558568
110.559007
110.559589
110.560066
110.560619
110.561091
110.561587
110.562126
110.563652
110.564239
110.564367
110.56553
110.565697
110.566784
110.566916
110.567465
110.567827
110.568796
110.568935
110.569216
110.569356
110.571154
110.572237
110.574113
110.574676
110.575105
110.575448
110.575811
110.576211
110.576515
110.577087
110.577592
110.577879
110.578918
110.579481
110.581589
110.582113
110.582237
110.582276
110.582466
110.582877
110.583254
110.584255
110.584799
110.583734
110.584058
110.583887
110.581636
110.58093
110.579404
110.577725
110.576542
110.576189
110.575989
110.57679
110.576094
110.576192
110.576631
110.576593
110.57686
110.578233
110.580141
110.580656
110.5814
110.58222
110.583346
110.585921
110.58678
110.587753
110.587829
110.587085
110.585234
110.585673
110.587009
110.587757
110.588119
110.588711
110.589512
110.590351
110.590685
110.592488
110.594157
110.594443
110.594748
110.595359
110.596026
110.596341
110.596694
110.597294
110.597981
110.59821
110.598472
110.59915
110.600075
110.600256
110.600461
110.600504
110.600812
110.599992
110.598904
110.598694
110.599095
110.601079
110.602185
110.602834
110.603902
110.604589
110.605619
110.606415
110.607055
110.607089
110.607141
110.607346
110.607566
110.608157
110.60789
110.608548
110.608786
110.608993
110.60927
110.609651
110.610457
110.610767
110.611697
110.612162
110.612401
110.612854
110.612916
110.613097
110.613464
110.614127
110.61444
110.61486
110.61508
110.615432
110.615853
110.616078
110.616326
110.616426
110.616807
110.617179
110.617437
110.618159
110.618913
110.619447
110.620401
110.620935
110.621479
110.621889
110.62331
110.623693
110.624027
110.624218
110.624551
110.624714
110.624742
110.624609
110.624923
110.625467
110.625953
110.626745
110.626717
110.627632
110.628147
110.628672
110.629502
110.63013
110.631265
110.632086
110.632715
110.632973
110.634499
110.635292
110.636189
110.637028
110.6376
110.638344
110.638974
110.639403
110.639956
110.641097
110.641746
110.643158
110.645981
110.647011
110.648079
110.647946
110.649214
110.650315
110.650906
110.652108
110.653329
110.654798
110.655732
110.656743
110.657373
110.657907
110.659185
110.66052
110.660387
110.660501
110.661992
110.662183
110.663594
110.663556
110.664472
110.66615
110.667066
110.66802
110.668325
110.669699
110.671721
110.674353
110.675879
110.676757
110.674582
110.673743
110.671835
110.672827
110.672446
110.670805
110.672839
110.674822
110.677569
110.679706
110.680698
110.683369
110.690389
110.691457
110.694204
110.700003
110.701911
110.706642
110.709923
110.71328
110.714043
110.71267
110.712899
110.715874
110.717095
110.720224
110.724115
110.726939
110.729151
110.728541
110.731746
110.735561
110.736858
110.7422
110.743268
110.742276
110.745862
110.747951
110.748447
110.749783
110.751347
110.751805
110.751271
110.751996
110.754189
110.757318
110.758844
110.758844
110.762507
110.763613
110.763842
110.763651
110.762812
110.762659
110.763155
110.763995
110.764915
110.765354
110.765163
110.764362
110.766269
110.767452
110.769398
110.770333
110.771649
110.772736
110.774129
110.774072
110.775006
110.775559
110.775369
110.775331
110.776876
110.777962
110.778448
110.779803
110.781663
110.783247
110.784248
110.785002
110.785688
110.785612
110.785698
110.785631
110.785227
110.785608
110.784235
110.783052
110.783052
110.783663
110.783243
110.782828
110.782751
110.782332
110.782918
110.782346
110.782232
110.783948
110.784177
110.782728
110.783681
110.78742
110.788336
110.788222
110.787406
110.786376
110.785308
110.784354
110.78424
110.783095
110.782752
110.782904
110.783248
110.78382
110.782828
110.783667
110.783928
110.783241
110.783852
110.78244
110.779312
110.777099
110.776746
110.777299
110.776822
110.775735
110.775563
110.775697
110.775525
110.775773
110.776624
110.7771
110.777844
110.777844
110.777081
110.7771
110.775193
110.774315
110.773991
110.773611
110.773096
110.773
110.77094
110.76991
110.769476
110.772223
110.770239
110.770697
110.770239
110.770849
110.767644
110.76856
110.767797
110.767797
110.766271
110.760977
110.75823
110.753957
110.759145
110.766471
110.771659
110.77929
110.779138
110.783716
110.78921
110.785695
110.786916
110.798515
110.806756
110.812555
110.816217
110.817133
110.823543
110.830257
110.832699
110.83453
110.829037
110.785544
109.976103
110.013992
